Timestamp,Phoneme1,Prob1,Phoneme2,Prob2,Phoneme3,Prob3
88,s,0.9482,[PAD],0.0304,ʒ,0.0214
91,ɛ,0.9294,u,0.0454,ə,0.0252
97,t,0.9837,[PAD],0.0083,ə,0.0079
102,i,0.9824,[PAD],0.0111,e,0.0065
107,s,0.9715,[PAD],0.0239,l,0.0046
112,t,0.9852,p,0.0096,[PAD],0.0052
115,w,0.7323,[PAD],0.2673,ʁ,0.0004
117,a,0.8445,ɔ,0.1239,o,0.0316
153,d,0.9558,l,0.0318,[PAD],0.0124
156,ə,0.7791,e,0.1897,[PAD],0.0312
180,l,0.3684,m,0.3344,n,0.2972
182,ə,0.3997,ɔ,0.3166,ɛ,0.2837
193,s,0.7759,ʒ,0.1147,ʃ,0.1093
198,ə,0.4529,e,0.3383,y,0.2089
209,p,0.8674,k,0.0696,t,0.063
212,ə,0.8134,[PAD],0.1188,e,0.0677
220,t,0.6503,k,0.3297,d,0.0199
225,i,0.7945,e,0.1226,ə,0.0829
234,k,0.5258,t,0.4519,d,0.0223
239,i,0.9024,e,0.0578,y,0.0398
240,i,0.7319,[PAD],0.222,e,0.0461
253,f,0.5428,[PAD],0.2644,ʁ,0.1928
283,d,0.8083,t,0.1489,[PAD],0.0428
287,ɑ,0.4336,ɔ,0.4078,ə,0.1586
291,˜,0.5654,[PAD],0.356,ʁ,0.0786
311,n,0.4862,[PAD],0.4775,ʁ,0.0363
337,f,0.5326,[PAD],0.2661,ʒ,0.2013
342,e,0.5203,ɛ,0.2854,ə,0.1943
356,m,0.4801,l,0.3666,n,0.1533
368,z,0.9135,s,0.0574,[PAD],0.0292
373,ɔ,0.7462,ɑ,0.2256,ə,0.0282
377,˜,0.9265,[PAD],0.057,n,0.0165
383,s,0.79,t,0.1325,[PAD],0.0775
386,i,0.7559,e,0.1404,ə,0.1037
393,t,0.8465,k,0.1282,d,0.0253
398,y,0.8915,i,0.0592,o,0.0493
399,y,0.7193,[PAD],0.2623,o,0.0184
406,e,0.7942,ɛ,0.1324,[PAD],0.0734
419,o,0.9557,u,0.0245,ə,0.0198
429,k,0.6966,ɡ,0.2718,t,0.0316
433,a,0.5784,ɛ,0.2609,œ,0.1607
466,d,0.9776,t,0.0132,[PAD],0.0092
469,ɑ,0.7294,œ,0.1488,a,0.1219
473,˜,0.8445,[PAD],0.1102,ʁ,0.0453
480,v,0.7579,f,0.1356,ʒ,0.1064
485,i,0.4356,[PAD],0.3604,y,0.2041
493,v,0.9023,ʁ,0.0696,[PAD],0.0281
497,i,0.9098,[PAD],0.0475,e,0.0427
502,l,0.8243,j,0.1499,[PAD],0.0258
507,a,0.9436,ɛ,0.0449,[PAD],0.0116
517,ʒ,0.6879,ʃ,0.2874,k,0.0247
552,l,0.9652,[PAD],0.0305,d,0.0043
554,a,0.8753,ɛ,0.0692,ə,0.0554
563,l,0.4781,m,0.4391,n,0.0829
567,ɛ,0.6366,e,0.2547,i,0.1087
576,z,0.9108,[PAD],0.0641,s,0.0251
580,ɔ,0.7681,ɑ,0.2033,ə,0.0286
584,˜,0.9173,[PAD],0.0421,n,0.0407
599,e,0.8031,ɛ,0.1577,ə,0.0392
610,ɑ,0.8463,œ,0.1232,y,0.0305
613,˜,0.9268,[PAD],0.0628,ə,0.0103
619,t,0.9324,d,0.0648,[PAD],0.0028
623,u,0.9527,o,0.0337,y,0.0136
628,ʁ,0.9565,ɾ,0.0388,v,0.0047
633,e,0.8643,ɛ,0.0986,ə,0.0371
644,d,0.9878,[PAD],0.0089,t,0.0032
648,ɑ,0.5399,œ,0.4024,a,0.0577
651,˜,0.9398,[PAD],0.0337,ʁ,0.0265
658,ʒ,0.9871,ʃ,0.0084,z,0.0045
662,a,0.8738,ɑ,0.0894,ɛ,0.0368
665,ʁ,0.7397,˜,0.1656,[PAD],0.0947
670,d,0.9945,[PAD],0.0038,b,0.0017
675,ɛ,0.5327,ɑ,0.3048,œ,0.1625
678,˜,0.8917,n,0.0644,[PAD],0.0439
687,a,0.9994,[PAD],0.0005,ɛ,0.0001
694,v,0.9974,ʁ,0.0017,w,0.0009
698,ɛ,0.9544,u,0.041,[PAD],0.0047
706,k,0.9939,[PAD],0.0043,t,0.0019
718,y,0.7414,[PAD],0.1622,e,0.0964
723,n,0.4748,[PAD],0.4355,l,0.0897
729,l,0.4805,[PAD],0.3022,v,0.2173
732,a,0.9531,ɛ,0.0354,ɑ,0.0115
737,ʁ,0.9295,ɾ,0.0432,[PAD],0.0273
742,j,0.9042,i,0.0632,[PAD],0.0326
746,ɛ,0.5012,a,0.3431,[PAD],0.1557
776,i,0.9135,e,0.0483,y,0.0382
782,l,0.6385,v,0.2281,ʁ,0.1334
797,a,0.9074,ɛ,0.0552,[PAD],0.0374
827,d,0.9386,l,0.0542,[PAD],0.0073
831,e,0.6184,ə,0.3276,ɛ,0.054
842,k,0.4363,[PAD],0.3763,ɡ,0.1874
847,ɔ,0.4887,o,0.3982,ɑ,0.1131
852,˜,0.6225,[PAD],0.2213,ʁ,0.1562
898,p,0.4162,k,0.3639,t,0.2199
902,ɔ,0.7305,ɑ,0.2355,o,0.034
908,˜,0.9098,[PAD],0.0642,n,0.0259
929,k,0.849,t,0.0827,ɡ,0.0683
933,ɔ,0.7471,ɑ,0.2201,ə,0.0329
938,˜,0.8073,[PAD],0.1672,n,0.0255
946,ʁ,0.4249,[PAD],0.2943,b,0.2808
947,ʁ,0.7154,[PAD],0.2435,w,0.0411
982,d,0.9713,l,0.022,[PAD],0.0067
985,e,0.5487,ə,0.4147,i,0.0366
995,ʒ,0.6918,ʃ,0.3007,s,0.0075
1000,u,0.7766,w,0.1232,o,0.1002
1051,ʁ,0.8075,l,0.1113,[PAD],0.0812
1054,e,0.448,i,0.3209,[PAD],0.2312
1064,i,0.7389,[PAD],0.2291,e,0.0319
1072,z,0.4201,s,0.4179,ʒ,0.162
1077,e,0.8019,ɛ,0.1471,ə,0.0509
1136,p,0.5006,t,0.2699,d,0.2296
1140,u,0.9162,o,0.0567,y,0.0271
1149,t,0.8988,[PAD],0.09,d,0.0113
1168,s,0.9343,z,0.0329,ʃ,0.0328
1172,ɔ,0.8895,a,0.0702,ə,0.0404
1178,ʁ,0.9364,ɾ,0.0408,[PAD],0.0228
1187,t,0.7458,[PAD],0.2429,d,0.0113
1203,d,0.9801,[PAD],0.0135,l,0.0064
1206,ə,0.7116,e,0.2569,ɛ,0.0315
1213,l,0.9179,ʁ,0.054,d,0.0282
1216,e,0.62,ə,0.2959,ɛ,0.084
1224,d,0.4289,ɡ,0.3755,ʒ,0.1956
1227,e,0.5663,ə,0.2666,i,0.1671
1256,o,0.748,ɔ,0.1906,ə,0.0614
1264,v,0.6058,f,0.2473,[PAD],0.1469
1274,n,0.5302,[PAD],0.3413,ʁ,0.1285
1285,d,0.8636,l,0.0901,ɡ,0.0463
1288,y,0.64,i,0.2415,e,0.1185
1296,ʒ,0.8421,[PAD],0.134,ʃ,0.0239
1299,a,0.9509,ɛ,0.0352,ɑ,0.0139
1302,ʁ,0.5149,[PAD],0.4659,ɾ,0.0192
1308,d,0.9733,b,0.0139,t,0.0128
1312,ɛ,0.4403,ɑ,0.3834,œ,0.1763
1315,˜,0.7262,[PAD],0.2025,ʁ,0.0713
1368,l,0.9589,ʁ,0.0218,[PAD],0.0193
1371,ə,0.8611,[PAD],0.0695,e,0.0694
1456,l,0.9324,[PAD],0.0579,d,0.0097
1515,ɔ,0.6581,u,0.2615,a,0.0804
1525,ʁ,0.909,[PAD],0.0526,ɾ,0.0384
1542,s,0.7079,[PAD],0.2801,ʃ,0.0121
1550,s,0.6234,t,0.2814,[PAD],0.0953
1555,ɔ,0.6598,y,0.2112,ɑ,0.129
1559,˜,0.7779,[PAD],0.1387,n,0.0834
1592,d,0.4143,t,0.3769,s,0.2088
1595,j,0.5421,[PAD],0.434,ʒ,0.0239
1597,ɔ,0.5582,ɑ,0.2878,y,0.154
1601,˜,0.8456,n,0.0896,[PAD],0.0648
1661,ʁ,0.9393,ɾ,0.0375,[PAD],0.0231
1665,ɛ,0.9208,e,0.0436,u,0.0356
1675,s,0.5053,[PAD],0.3893,z,0.1053
1686,t,0.9345,d,0.0526,[PAD],0.0129
1689,u,0.9671,o,0.0171,y,0.0158
1699,ʒ,0.9226,ʃ,0.0663,s,0.0111
1704,u,0.9012,ɔ,0.0541,o,0.0448
1710,ʁ,0.9431,ɾ,0.0405,[PAD],0.0164
1722,ɛ,0.8002,a,0.1661,u,0.0337
1727,ʁ,0.9314,ɾ,0.037,[PAD],0.0317
1735,m,0.6056,n,0.2582,l,0.1361
1740,e,0.7639,ɛ,0.1706,i,0.0655
1794,p,0.8672,b,0.0967,k,0.0361
1799,u,0.8811,o,0.0786,ɔ,0.0403
1803,ʁ,0.9374,ɾ,0.0369,[PAD],0.0258
1842,k,0.3989,d,0.3421,t,0.259
1847,ə,0.8123,e,0.1205,[PAD],0.0672
1868,ʃ,0.8255,s,0.1049,ʒ,0.0695
1874,ɛ,0.6142,ɔ,0.2116,ɑ,0.1742
1880,˜,0.8474,[PAD],0.0784,n,0.0741
1895,a,0.9332,ɛ,0.0538,ɑ,0.013
1922,b,0.4943,p,0.4584,d,0.0472
1926,y,0.9278,u,0.0364,o,0.0358
1969,d,0.5173,l,0.4566,[PAD],0.0261
1972,ə,0.7446,e,0.2034,[PAD],0.052
1986,e,0.5363,ə,0.2357,ɛ,0.228
1996,ʃ,0.7394,ʒ,0.2236,s,0.0371
2000,a,0.9556,ɛ,0.0347,ɑ,0.0097
2013,p,0.7523,b,0.1539,t,0.0938
2017,a,0.9479,ɛ,0.0367,ɑ,0.0153
2071,ɛ,0.5172,ɔ,0.309,ɑ,0.1738
2076,˜,0.7073,[PAD],0.1738,ʁ,0.1189
2103,a,0.9611,ɛ,0.0302,e,0.0087
2112,b,0.6125,p,0.2835,d,0.1039
2116,y,0.9136,i,0.053,o,0.0334
2125,s,0.411,z,0.3256,[PAD],0.2634
2147,ɛ,0.6615,a,0.2932,e,0.0454
2155,n,0.622,m,0.1918,˜,0.1862
2165,s,0.8111,ʃ,0.095,[PAD],0.0939
2169,ə,0.774,e,0.1398,[PAD],0.0862
2180,k,0.8278,ɡ,0.0864,t,0.0858
2184,u,0.754,o,0.1513,y,0.0947
2195,ʃ,0.8337,ʒ,0.1086,s,0.0577
2200,e,0.7421,i,0.1306,ə,0.1273
2213,p,0.8666,b,0.1092,t,0.0242
2217,ʁ,0.9335,ɾ,0.0392,[PAD],0.0274
2221,ɛ,0.8514,a,0.0796,e,0.069
2248,d,0.9529,l,0.0336,[PAD],0.0135
2251,ə,0.5991,e,0.3576,ɛ,0.0433
2257,l,0.9433,[PAD],0.0289,j,0.0278
2260,a,0.9507,ə,0.0261,[PAD],0.0232
2286,p,0.7802,k,0.1162,b,0.1036
2290,u,0.7296,o,0.2106,y,0.0598
2298,b,0.9239,d,0.0481,β,0.0279
2301,ɛ,0.8691,a,0.0771,e,0.0538
2307,l,0.7445,[PAD],0.1919,ʁ,0.0635
2332,a,0.9237,ɛ,0.0609,e,0.0154
2339,l,0.9471,j,0.0314,d,0.0215
2340,l,0.9594,n,0.0211,[PAD],0.0195
2343,ɔ,0.5265,ɑ,0.4553,ə,0.0181
2346,˜,0.8672,[PAD],0.0666,n,0.0662
2351,˜,0.6358,ʁ,0.1976,[PAD],0.1666
2377,d,0.8944,t,0.0985,[PAD],0.0071
2381,ɑ,0.4367,ɛ,0.3194,œ,0.244
2385,˜,0.6928,[PAD],0.2179,ʁ,0.0893
2414,o,0.6341,u,0.2909,ɔ,0.075
2421,ʁ,0.9289,ɾ,0.039,[PAD],0.032
2425,o,0.4985,ɑ,0.2678,ɔ,0.2337
2436,ʒ,0.9268,ʃ,0.0621,s,0.0112
2440,e,0.6261,[PAD],0.3219,ə,0.052
2480,u,0.9658,o,0.0241,[PAD],0.0101
2488,v,0.9733,w,0.0205,ʁ,0.0062
2493,ɛ,0.9069,[PAD],0.0592,u,0.0339
2494,ɛ,0.9319,u,0.0373,e,0.0307
2502,ʁ,0.6713,[PAD],0.2994,ɾ,0.0293
2531,k,0.7523,ɡ,0.2018,t,0.0458
2534,u,0.8825,o,0.0645,[PAD],0.053
2540,v,0.9558,w,0.0274,ʁ,0.0167
2544,ɛ,0.8891,a,0.0715,u,0.0394
2550,ʁ,0.7484,[PAD],0.219,ɾ,0.0326
2602,d,0.984,l,0.0094,[PAD],0.0066
2605,ə,0.8616,e,0.1076,a,0.0307
2614,f,0.5987,p,0.3783,v,0.0229
2619,ʁ,0.6019,y,0.2283,[PAD],0.1699
2620,y,0.8098,w,0.1299,[PAD],0.0603
2623,i,0.8718,e,0.1123,[PAD],0.0159
2635,d,0.9701,l,0.0209,[PAD],0.009
2638,ə,0.4859,e,0.4662,ɛ,0.0479
2645,l,0.9449,ʁ,0.0414,[PAD],0.0137
2648,i,0.8876,y,0.0569,e,0.0555
2657,ʃ,0.4224,s,0.3183,ʒ,0.2592
2718,ɛ,0.549,ɔ,0.2456,ɑ,0.2054
2724,˜,0.8517,n,0.084,[PAD],0.0643
2745,a,0.9539,ɛ,0.0271,[PAD],0.019
2754,p,0.5221,b,0.2655,[PAD],0.2124
2759,y,0.6786,[PAD],0.2894,i,0.0321
2866,e,0.8712,ə,0.0687,ɛ,0.0601
2883,k,0.7396,ɡ,0.2393,t,0.0211
2888,u,0.7094,o,0.1961,ɔ,0.0946
2898,m,0.9433,n,0.0409,[PAD],0.0158
2902,ɑ,0.7428,ɔ,0.2351,a,0.0221
2906,˜,0.7096,[PAD],0.2534,n,0.037
2919,i,0.8569,[PAD],0.1354,e,0.0077
2920,i,0.9611,e,0.0245,[PAD],0.0144
2924,l,0.5635,[PAD],0.4345,|,0.0021
2925,l,0.8796,[PAD],0.1156,z,0.0048
2940,k,0.731,t,0.1557,ɡ,0.1132
2944,ʁ,0.7599,[PAD],0.2069,w,0.0332
2947,a,0.7772,ɔ,0.1413,œ,0.0815
2957,t,0.6005,[PAD],0.3191,k,0.0803
2971,t,0.7922,d,0.1988,k,0.009
2976,u,0.9055,o,0.05,y,0.0445
2986,s,0.8646,[PAD],0.098,ʒ,0.0374
2989,ə,0.8846,[PAD],0.0692,e,0.0462
2997,k,0.8504,t,0.1301,d,0.0195
3002,i,0.7613,[PAD],0.2028,y,0.0359
3027,y,0.6913,[PAD],0.2133,l,0.0954
3029,i,0.7852,e,0.1107,[PAD],0.1041
3043,p,0.8203,b,0.1578,t,0.022
3047,a,0.9528,ɛ,0.0414,ɑ,0.0058
3060,s,0.6457,[PAD],0.1925,z,0.1618
3096,s,0.8766,z,0.0716,ʒ,0.0518
3101,u,0.7173,y,0.1743,o,0.1085
3133,l,0.9439,[PAD],0.0368,ʁ,0.0193
3136,a,0.8943,ɛ,0.0913,ə,0.0144
3149,d,0.7753,t,0.2144,ɡ,0.0103
3152,ɑ,0.587,ɔ,0.2526,ɛ,0.1604
3155,˜,0.6322,[PAD],0.3296,ʁ,0.0382
3189,d,0.8475,l,0.1267,[PAD],0.0258
3193,e,0.6467,ə,0.3185,ɛ,0.0349
3202,z,0.8997,[PAD],0.0723,ə,0.028
3207,o,0.5646,ɔ,0.3134,a,0.122
3213,ʁ,0.9256,ɾ,0.0382,[PAD],0.0362
3222,a,0.6741,ɔ,0.2624,ɑ,0.0635
3239,ʒ,0.7627,ʃ,0.132,[PAD],0.1054
3390,p,0.8947,b,0.0757,[PAD],0.0296
3400,u,0.838,y,0.0819,o,0.0801
3436,ʁ,0.9211,ɹ,0.04,ɾ,0.0388
3440,i,0.8673,e,0.1122,ɛ,0.0205
3487,d,0.508,k,0.2529,t,0.2391
3488,k,0.5766,[PAD],0.2548,t,0.1686
3491,i,0.821,e,0.1253,ə,0.0537
3505,d,0.7781,t,0.199,[PAD],0.0229
3508,ɔ,0.5441,ɑ,0.3962,y,0.0596
3536,s,0.8108,ʃ,0.1025,ʒ,0.0867
3541,ə,0.4735,e,0.2656,y,0.261
3571,ʁ,0.5578,[PAD],0.4183,ɾ,0.0239
3581,l,0.9495,[PAD],0.0401,d,0.0104
3584,ə,0.7628,[PAD],0.1615,e,0.0756
3598,z,0.5701,s,0.2555,ʒ,0.1744
3602,a,0.8442,ɛ,0.0991,œ,0.0567
3609,l,0.644,[PAD],0.2051,ʒ,0.1509
3651,d,0.9466,[PAD],0.0456,l,0.0078
3654,e,0.5988,ə,0.358,ɛ,0.0431
3671,f,0.5448,v,0.3966,p,0.0586
3679,œ,0.4175,a,0.3087,ɛ,0.2738
3690,ʁ,0.6913,[PAD],0.28,ɾ,0.0287
3744,p,0.4878,d,0.2752,b,0.2369
3748,a,0.8387,ɛ,0.1387,ɑ,0.0226
3754,ʁ,0.5211,[PAD],0.4459,l,0.0329
3771,l,0.8849,n,0.0936,[PAD],0.0215
3776,e,0.7772,ɛ,0.1246,i,0.0983
3826,œ,0.3785,ɑ,0.3643,a,0.2572
3832,˜,0.6848,[PAD],0.2634,ʁ,0.0518
3949,œ,0.4921,[PAD],0.4351,a,0.0728
3964,m,0.976,l,0.0134,n,0.0106
3967,ɔ,0.6731,a,0.2885,o,0.0384
3971,ʁ,0.9041,[PAD],0.0601,ɾ,0.0358
3981,s,0.9105,z,0.0714,ʃ,0.018
3986,o,0.7033,u,0.1946,y,0.1021
3997,d,0.9811,[PAD],0.0119,l,0.0071
4001,ə,0.8122,e,0.1481,[PAD],0.0397
